(kicad_pcb (version 20171130) (host pcbnew "(5.0.2)-1")

  (general
    (thickness 1.6)
    (drawings 7)
    (tracks 793)
    (zones 0)
    (modules 81)
    (nets 97)
  )

  (page A4)
  (layers
    (0 F.Cu signal)
    (1 In1.Cu signal)
    (2 In2.Cu power)
    (31 B.Cu mixed)
    (32 B.Adhes user)
    (33 F.Adhes user)
    (34 B.Paste user)
    (35 F.Paste user)
    (36 B.SilkS user)
    (37 F.SilkS user)
    (38 B.Mask user)
    (39 F.Mask user)
    (40 Dwgs.User user)
    (41 Cmts.User user)
    (42 Eco1.User user)
    (43 Eco2.User user)
    (44 Edge.Cuts user)
    (45 Margin user)
    (46 B.CrtYd user)
    (47 F.CrtYd user)
    (48 B.Fab user hide)
    (49 F.Fab user hide)
  )

  (setup
    (last_trace_width 0.25)
    (trace_clearance 0.2)
    (zone_clearance 0.508)
    (zone_45_only no)
    (trace_min 0.2)
    (segment_width 0.2)
    (edge_width 0.15)
    (via_size 0.8)
    (via_drill 0.4)
    (via_min_size 0.4)
    (via_min_drill 0.3)
    (uvia_size 0.3)
    (uvia_drill 0.1)
    (uvias_allowed no)
    (uvia_min_size 0.2)
    (uvia_min_drill 0.1)
    (pcb_text_width 0.3)
    (pcb_text_size 0.75 0.75)
    (mod_edge_width 0.15)
    (mod_text_size 0.5 0.5)
    (mod_text_width 0.125)
    (pad_size 4.5 4.5)
    (pad_drill 3.4)
    (pad_to_mask_clearance 0.051)
    (solder_mask_min_width 0.25)
    (aux_axis_origin 92.6084 160.8328)
    (visible_elements 7FFFFFFF)
    (pcbplotparams
      (layerselection 0x010fc_ffffffff)
      (usegerberextensions false)
      (usegerberattributes false)
      (usegerberadvancedattributes false)
      (creategerberjobfile false)
      (excludeedgelayer true)
      (linewidth 0.100000)
      (plotframeref false)
      (viasonmask false)
      (mode 1)
      (useauxorigin false)
      (hpglpennumber 1)
      (hpglpenspeed 20)
      (hpglpendiameter 15.000000)
      (psnegative false)
      (psa4output false)
      (plotreference true)
      (plotvalue true)
      (plotinvisibletext false)
      (padsonsilk false)
      (subtractmaskfromsilk false)
      (outputformat 1)
      (mirror false)
      (drillshape 1)
      (scaleselection 1)
      (outputdirectory ""))
  )

  (net 0 "")
  (net 1 "Net-(U2-Pad15)")
  (net 2 "Net-(U2-Pad21)")
  (net 3 "Net-(U2-Pad22)")
  (net 4 "Net-(U2-Pad38)")
  (net 5 "Net-(U2-Pad40)")
  (net 6 "Net-(U2-Pad41)")
  (net 7 "Net-(U2-Pad46)")
  (net 8 "Net-(U2-Pad48)")
  (net 9 "Net-(U2-Pad9)")
  (net 10 "Net-(U2-Pad10)")
  (net 11 "Net-(U2-Pad11)")
  (net 12 "Net-(U2-Pad27)")
  (net 13 "Net-(U2-Pad28)")
  (net 14 "Net-(U2-Pad35)")
  (net 15 "Net-(U2-Pad36)")
  (net 16 "Net-(U2-Pad49)")
  (net 17 "Net-(U1-Pad19)")
  (net 18 "Net-(U1-Pad20)")
  (net 19 "Net-(U1-Pad22)")
  (net 20 "Net-(U1-Pad23)")
  (net 21 "Net-(U1-Pad14)")
  (net 22 "Net-(U1-Pad15)")
  (net 23 "Net-(U1-Pad16)")
  (net 24 "Net-(U1-Pad28)")
  (net 25 "Net-(U1-Pad29)")
  (net 26 "Net-(U1-Pad30)")
  (net 27 9V)
  (net 28 GNDA)
  (net 29 "Net-(C2-Pad1)")
  (net 30 3.3V)
  (net 31 GNDD)
  (net 32 "Net-(C7-Pad1)")
  (net 33 3.3V_IOVDD)
  (net 34 1.8V_DVDD)
  (net 35 "Net-(C24-Pad1)")
  (net 36 "Net-(C21-Pad1)")
  (net 37 "Net-(C22-Pad1)")
  (net 38 "Net-(C23-Pad1)")
  (net 39 JACK_IN)
  (net 40 JACK_IN_ADC)
  (net 41 JACK_OUT)
  (net 42 SDA)
  (net 43 SCL)
  (net 44 MCLK)
  (net 45 BCLK_SCK)
  (net 46 WCLK_SS)
  (net 47 DIN_SDI)
  (net 48 DOUT_SDO)
  (net 49 "Net-(J2-Pad4)")
  (net 50 "Net-(J2-Pad6)")
  (net 51 "Net-(J1-Pad6)")
  (net 52 "Net-(J1-Pad4)")
  (net 53 "Net-(C25-Pad2)")
  (net 54 "Net-(C26-Pad2)")
  (net 55 "Net-(J4-Pad5)")
  (net 56 "Net-(C27-Pad2)")
  (net 57 MCLR)
  (net 58 PGED1)
  (net 59 PGEC1)
  (net 60 "Net-(C29-Pad1)")
  (net 61 SCLK)
  (net 62 MISO)
  (net 63 SS)
  (net 64 MOSI)
  (net 65 UART_TX)
  (net 66 UART_RX)
  (net 67 "Net-(C36-Pad2)")
  (net 68 SD_CARD_DET)
  (net 69 "Net-(J5-PadP1)")
  (net 70 "Net-(J5-PadP8)")
  (net 71 "Net-(J5-PadCD1)")
  (net 72 "Net-(R1-Pad1)")
  (net 73 "Net-(C1-Pad1)")
  (net 74 "Net-(D1-Pad1)")
  (net 75 "Net-(D1-Pad2)")
  (net 76 "Net-(R12-Pad1)")
  (net 77 LOOP_RECORD)
  (net 78 "Net-(R13-Pad1)")
  (net 79 "Net-(D2-Pad1)")
  (net 80 "Net-(D2-Pad2)")
  (net 81 "Net-(C20-Pad2)")
  (net 82 RESET_CODEC)
  (net 83 "Net-(U2-Pad26)")
  (net 84 "Net-(U2-Pad37)")
  (net 85 "Net-(U2-Pad29)")
  (net 86 "Net-(U2-Pad39)")
  (net 87 "Net-(C4-Pad1)")
  (net 88 "Net-(S2-Pad6)")
  (net 89 "Net-(S2-Pad7)")
  (net 90 "Net-(S2-Pad8)")
  (net 91 "Net-(S2-Pad9)")
  (net 92 "Net-(J3-Pad3)")
  (net 93 "Net-(R16-Pad1)")
  (net 94 "Net-(R16-Pad2)")
  (net 95 "Net-(C41-Pad1)")
  (net 96 "Net-(C41-Pad2)")

  (net_class Default "Ceci est la Netclass par défaut."
    (clearance 0.2)
    (trace_width 0.25)
    (via_dia 0.8)
    (via_drill 0.4)
    (uvia_dia 0.3)
    (uvia_drill 0.1)
    (add_net 1.8V_DVDD)
    (add_net 3.3V)
    (add_net 3.3V_IOVDD)
    (add_net 9V)
    (add_net BCLK_SCK)
    (add_net DIN_SDI)
    (add_net DOUT_SDO)
    (add_net GNDA)
    (add_net GNDD)
    (add_net JACK_IN)
    (add_net JACK_IN_ADC)
    (add_net JACK_OUT)
    (add_net LOOP_RECORD)
    (add_net MCLK)
    (add_net MCLR)
    (add_net MISO)
    (add_net MOSI)
    (add_net "Net-(C1-Pad1)")
    (add_net "Net-(C2-Pad1)")
    (add_net "Net-(C20-Pad2)")
    (add_net "Net-(C21-Pad1)")
    (add_net "Net-(C22-Pad1)")
    (add_net "Net-(C23-Pad1)")
    (add_net "Net-(C24-Pad1)")
    (add_net "Net-(C25-Pad2)")
    (add_net "Net-(C26-Pad2)")
    (add_net "Net-(C27-Pad2)")
    (add_net "Net-(C29-Pad1)")
    (add_net "Net-(C36-Pad2)")
    (add_net "Net-(C4-Pad1)")
    (add_net "Net-(C41-Pad1)")
    (add_net "Net-(C41-Pad2)")
    (add_net "Net-(C7-Pad1)")
    (add_net "Net-(D1-Pad1)")
    (add_net "Net-(D1-Pad2)")
    (add_net "Net-(D2-Pad1)")
    (add_net "Net-(D2-Pad2)")
    (add_net "Net-(J1-Pad4)")
    (add_net "Net-(J1-Pad6)")
    (add_net "Net-(J2-Pad4)")
    (add_net "Net-(J2-Pad6)")
    (add_net "Net-(J3-Pad3)")
    (add_net "Net-(J4-Pad5)")
    (add_net "Net-(J5-PadCD1)")
    (add_net "Net-(J5-PadP1)")
    (add_net "Net-(J5-PadP8)")
    (add_net "Net-(R1-Pad1)")
    (add_net "Net-(R12-Pad1)")
    (add_net "Net-(R13-Pad1)")
    (add_net "Net-(R16-Pad1)")
    (add_net "Net-(R16-Pad2)")
    (add_net "Net-(S2-Pad6)")
    (add_net "Net-(S2-Pad7)")
    (add_net "Net-(S2-Pad8)")
    (add_net "Net-(S2-Pad9)")
    (add_net "Net-(U1-Pad14)")
    (add_net "Net-(U1-Pad15)")
    (add_net "Net-(U1-Pad16)")
    (add_net "Net-(U1-Pad19)")
    (add_net "Net-(U1-Pad20)")
    (add_net "Net-(U1-Pad22)")
    (add_net "Net-(U1-Pad23)")
    (add_net "Net-(U1-Pad28)")
    (add_net "Net-(U1-Pad29)")
    (add_net "Net-(U1-Pad30)")
    (add_net "Net-(U2-Pad10)")
    (add_net "Net-(U2-Pad11)")
    (add_net "Net-(U2-Pad15)")
    (add_net "Net-(U2-Pad21)")
    (add_net "Net-(U2-Pad22)")
    (add_net "Net-(U2-Pad26)")
    (add_net "Net-(U2-Pad27)")
    (add_net "Net-(U2-Pad28)")
    (add_net "Net-(U2-Pad29)")
    (add_net "Net-(U2-Pad35)")
    (add_net "Net-(U2-Pad36)")
    (add_net "Net-(U2-Pad37)")
    (add_net "Net-(U2-Pad38)")
    (add_net "Net-(U2-Pad39)")
    (add_net "Net-(U2-Pad40)")
    (add_net "Net-(U2-Pad41)")
    (add_net "Net-(U2-Pad46)")
    (add_net "Net-(U2-Pad48)")
    (add_net "Net-(U2-Pad49)")
    (add_net "Net-(U2-Pad9)")
    (add_net PGEC1)
    (add_net PGED1)
    (add_net RESET_CODEC)
    (add_net SCL)
    (add_net SCLK)
    (add_net SDA)
    (add_net SD_CARD_DET)
    (add_net SS)
    (add_net UART_RX)
    (add_net UART_TX)
    (add_net WCLK_SS)
  )

  (module Capacitor_SMD:C_0805_2012Metric_Pad1.15x1.40mm_HandSolder (layer F.Cu) (tedit 5B36C52B) (tstamp 6001D190)
    (at 151.582601 129.290001)
    (descr "Capacitor SMD 0805 (2012 Metric), square (rectangular) end terminal, IPC_7351 nominal with elongated pad for handsoldering. (Body size source: https://docs.google.com/spreadsheets/d/1BsfQQcO9C6DZCsRaXUlFlo91Tg2WpOkGARC1WS5S8t0/edit?usp=sharing), generated with kicad-footprint-generator")
    (tags "capacitor handsolder")
    (path /5FE03A3F)
    (attr smd)
    (fp_text reference C41 (at 0 -1.65) (layer F.SilkS)
      (effects (font (size 1 1) (thickness 0.15)))
    )
    (fp_text value 1uF (at 0 1.65) (layer F.Fab)
      (effects (font (size 1 1) (thickness 0.15)))
    )
    (fp_line (start -1 0.6) (end -1 -0.6) (layer F.Fab) (width 0.1))
    (fp_line (start -1 -0.6) (end 1 -0.6) (layer F.Fab) (width 0.1))
    (fp_line (start 1 -0.6) (end 1 0.6) (layer F.Fab) (width 0.1))
    (fp_line (start 1 0.6) (end -1 0.6) (layer F.Fab) (width 0.1))
    (fp_line (start -0.261252 -0.71) (end 0.261252 -0.71) (layer F.SilkS) (width 0.12))
    (fp_line (start -0.261252 0.71) (end 0.261252 0.71) (layer F.SilkS) (width 0.12))
    (fp_line (start -1.85 0.95) (end -1.85 -0.95) (layer F.CrtYd) (width 0.05))
    (fp_line (start -1.85 -0.95) (end 1.85 -0.95) (layer F.CrtYd) (width 0.05))
    (fp_line (start 1.85 -0.95) (end 1.85 0.95) (layer F.CrtYd) (width 0.05))
    (fp_line (start 1.85 0.95) (end -1.85 0.95) (layer F.CrtYd) (width 0.05))
    (fp_text user %R (at 0 0) (layer F.Fab)
      (effects (font (size 0.5 0.5) (thickness 0.08)))
    )
    (pad 1 smd roundrect (at -1.025 0) (size 1.15 1.4) (layers F.Cu F.Paste F.Mask) (roundrect_rratio 0.217391)
      (net 95 "Net-(C41-Pad1)"))
    (pad 2 smd roundrect (at 1.025 0) (size 1.15 1.4) (layers F.Cu F.Paste F.Mask) (roundrect_rratio 0.217391)
      (net 96 "Net-(C41-Pad2)"))
    (model ${KISYS3DMOD}/Capacitor_SMD.3dshapes/C_0805_2012Metric.wrl
      (at (xyz 0 0 0))
      (scale (xyz 1 1 1))
      (rotate (xyz 0 0 0))
    )
  )

  (module Resistor_SMD:R_0805_2012Metric_Pad1.15x1.40mm_HandSolder (layer F.Cu) (tedit 5B36C52B) (tstamp 6001CE0F)
    (at 151.582601 127.340001)
    (descr "Resistor SMD 0805 (2012 Metric), square (rectangular) end terminal, IPC_7351 nominal with elongated pad for handsoldering. (Body size source: https://docs.google.com/spreadsheets/d/1BsfQQcO9C6DZCsRaXUlFlo91Tg2WpOkGARC1WS5S8t0/edit?usp=sharing), generated with kicad-footprint-generator")
    (tags "resistor handsolder")
    (path /5FE03BA3)
    (attr smd)
    (fp_text reference R16 (at 0 -1.65) (layer F.SilkS)
      (effects (font (size 1 1) (thickness 0.15)))
    )
    (fp_text value 1000kOhm (at 0 1.65) (layer F.Fab)
      (effects (font (size 1 1) (thickness 0.15)))
    )
    (fp_line (start -1 0.6) (end -1 -0.6) (layer F.Fab) (width 0.1))
    (fp_line (start -1 -0.6) (end 1 -0.6) (layer F.Fab) (width 0.1))
    (fp_line (start 1 -0.6) (end 1 0.6) (layer F.Fab) (width 0.1))
    (fp_line (start 1 0.6) (end -1 0.6) (layer F.Fab) (width 0.1))
    (fp_line (start -0.261252 -0.71) (end 0.261252 -0.71) (layer F.SilkS) (width 0.12))
    (fp_line (start -0.261252 0.71) (end 0.261252 0.71) (layer F.SilkS) (width 0.12))
    (fp_line (start -1.85 0.95) (end -1.85 -0.95) (layer F.CrtYd) (width 0.05))
    (fp_line (start -1.85 -0.95) (end 1.85 -0.95) (layer F.CrtYd) (width 0.05))
    (fp_line (start 1.85 -0.95) (end 1.85 0.95) (layer F.CrtYd) (width 0.05))
    (fp_line (start 1.85 0.95) (end -1.85 0.95) (layer F.CrtYd) (width 0.05))
    (fp_text user %R (at 0 0) (layer F.Fab)
      (effects (font (size 0.5 0.5) (thickness 0.08)))
    )
    (pad 1 smd roundrect (at -1.025 0) (size 1.15 1.4) (layers F.Cu F.Paste F.Mask) (roundrect_rratio 0.217391)
      (net 93 "Net-(R16-Pad1)"))
    (pad 2 smd roundrect (at 1.025 0) (size 1.15 1.4) (layers F.Cu F.Paste F.Mask) (roundrect_rratio 0.217391)
      (net 94 "Net-(R16-Pad2)"))
    (model ${KISYS3DMOD}/Resistor_SMD.3dshapes/R_0805_2012Metric.wrl
      (at (xyz 0 0 0))
      (scale (xyz 1 1 1))
      (rotate (xyz 0 0 0))
    )
  )

  (module CON-SOCJ-2155:CONSOCJ2155 (layer F.Cu) (tedit 6001ABE8) (tstamp 5FD90ADF)
    (at 132.6896 152.9842 180)
    (descr CON-SOCJ-2155_1)
    (tags Connector)
    (path /5FDAEB2D)
    (fp_text reference J3 (at -5.925 1.425 180) (layer F.SilkS)
      (effects (font (size 1.27 1.27) (thickness 0.254)))
    )
    (fp_text value CON-SOCJ-2155 (at -5.925 1.425 180) (layer F.SilkS) hide
      (effects (font (size 1.27 1.27) (thickness 0.254)))
    )
    (fp_line (start -14.5 4.5) (end 0.7 4.5) (layer Dwgs.User) (width 0.2))
    (fp_line (start 0.7 4.5) (end 0.7 -4.5) (layer Dwgs.User) (width 0.2))
    (fp_line (start 0.7 -4.5) (end -14.5 -4.5) (layer Dwgs.User) (width 0.2))
    (fp_line (start -14.5 -4.5) (end -14.5 4.5) (layer Dwgs.User) (width 0.2))
    (fp_line (start -15.5 8.35) (end 3.65 8.35) (layer Dwgs.User) (width 0.1))
    (fp_line (start 3.65 8.35) (end 3.65 -5.5) (layer Dwgs.User) (width 0.1))
    (fp_line (start 3.65 -5.5) (end -15.5 -5.5) (layer Dwgs.User) (width 0.1))
    (fp_line (start -15.5 -5.5) (end -15.5 8.35) (layer Dwgs.User) (width 0.1))
    (fp_line (start 0.7 -3) (end 0.7 -4.5) (layer F.SilkS) (width 0.1))
    (fp_line (start 0.7 -4.5) (end -14.5 -4.5) (layer F.SilkS) (width 0.1))
    (fp_line (start -14.5 -4.5) (end -14.5 4.5) (layer F.SilkS) (width 0.1))
    (fp_line (start -14.5 4.5) (end -6.5 4.5) (layer F.SilkS) (width 0.1))
    (pad 1 thru_hole circle (at 0 0 270) (size 4.5 4.5) (drill 3.4) (layers *.Cu *.Mask F.SilkS)
      (net 27 9V))
    (pad 2 thru_hole circle (at -6 0 270) (size 4.5 4.5) (drill 3.4) (layers *.Cu *.Mask F.SilkS)
      (net 28 GNDA))
    (pad 3 thru_hole circle (at -3 4.7 270) (size 4.5 4.5) (drill 3.4) (layers *.Cu *.Mask F.SilkS)
      (net 92 "Net-(J3-Pad3)"))
  )

  (module SF17020F-0302-21R-L-015:SF17020F030221RL015 (layer F.Cu) (tedit 6001BA49) (tstamp 5FD7A7C3)
    (at 118.9736 150.2918 270)
    (descr SF17020F-0302-21R-L-015-2)
    (tags Switch)
    (path /5FD993F1)
    (fp_text reference S2 (at 0 0 270) (layer F.SilkS)
      (effects (font (size 1.27 1.27) (thickness 0.254)))
    )
    (fp_text value SF17020F-0302-21R-L-015 (at 0 0 270) (layer F.Fab) hide
      (effects (font (size 1.27 1.27) (thickness 0.254)))
    )
    (fp_line (start -9.8 -8.5) (end 9.8 -8.5) (layer Dwgs.User) (width 0.2))
    (fp_line (start 9.8 -8.5) (end 9.8 8.5) (layer Dwgs.User) (width 0.2))
    (fp_line (start 9.8 8.5) (end -9.8 8.5) (layer Dwgs.User) (width 0.2))
    (fp_line (start -9.8 8.5) (end -9.8 -8.5) (layer Dwgs.User) (width 0.2))
    (fp_line (start -9.8 -8.5) (end 9.8 -8.5) (layer F.SilkS) (width 0.1))
    (fp_line (start 9.8 -8.5) (end 9.8 8.5) (layer F.SilkS) (width 0.1))
    (fp_line (start 9.8 8.5) (end -9.8 8.5) (layer F.SilkS) (width 0.1))
    (fp_line (start -9.8 8.5) (end -9.8 -8.5) (layer F.SilkS) (width 0.1))
    (fp_line (start -10.8 -9.5) (end 10.8 -9.5) (layer Dwgs.User) (width 0.1))
    (fp_line (start 10.8 -9.5) (end 10.8 9.5) (layer Dwgs.User) (width 0.1))
    (fp_line (start 10.8 9.5) (end -10.8 9.5) (layer Dwgs.User) (width 0.1))
    (fp_line (start -10.8 9.5) (end -10.8 -9.5) (layer Dwgs.User) (width 0.1))
    (pad 1 thru_hole circle (at 5.3 4.8) (size 2.22 2.22) (drill 1.48) (layers *.Cu *.Mask F.SilkS)
      (net 76 "Net-(R12-Pad1)"))
    (pad 2 thru_hole circle (at 5.3 0) (size 2.22 2.22) (drill 1.48) (layers *.Cu *.Mask F.SilkS)
      (net 77 LOOP_RECORD))
    (pad 3 thru_hole circle (at 5.3 -4.8) (size 2.22 2.22) (drill 1.48) (layers *.Cu *.Mask F.SilkS)
      (net 78 "Net-(R13-Pad1)"))
    (pad 4 thru_hole circle (at 0 4.8) (size 2.22 2.22) (drill 1.48) (layers *.Cu *.Mask F.SilkS)
      (net 79 "Net-(D2-Pad1)"))
    (pad 5 thru_hole circle (at 0 0) (size 2.22 2.22) (drill 1.48) (layers *.Cu *.Mask F.SilkS)
      (net 28 GNDA))
    (pad 6 thru_hole circle (at 0 -4.8) (size 2.22 2.22) (drill 1.48) (layers *.Cu *.Mask F.SilkS)
      (net 88 "Net-(S2-Pad6)"))
    (pad 7 thru_hole circle (at -5.3 4.8) (size 2.22 2.22) (drill 1.48) (layers *.Cu *.Mask F.SilkS)
      (net 89 "Net-(S2-Pad7)"))
    (pad 8 thru_hole circle (at -5.3 0) (size 2.22 2.22) (drill 1.48) (layers *.Cu *.Mask F.SilkS)
      (net 90 "Net-(S2-Pad8)"))
    (pad 9 thru_hole circle (at -5.3 -4.8) (size 2.22 2.22) (drill 1.48) (layers *.Cu *.Mask F.SilkS)
      (net 91 "Net-(S2-Pad9)"))
  )

  (module TestPoint:TestPoint_Pad_D1.0mm (layer F.Cu) (tedit 5A0F774F) (tstamp 5FD66221)
    (at 116.8146 87.1474)
    (descr "SMD pad as test Point, diameter 1.0mm")
    (tags "test point SMD pad")
    (path /5FD882A2)
    (attr virtual)
    (fp_text reference TP4 (at 0 -1.448) (layer F.SilkS)
      (effects (font (size 1 1) (thickness 0.15)))
    )
    (fp_text value TestPoint (at 0 1.55) (layer F.Fab)
      (effects (font (size 1 1) (thickness 0.15)))
    )
    (fp_text user %R (at 0 -1.45) (layer F.Fab)
      (effects (font (size 1 1) (thickness 0.15)))
    )
    (fp_circle (center 0 0) (end 1 0) (layer F.CrtYd) (width 0.05))
    (fp_circle (center 0 0) (end 0 0.7) (layer F.SilkS) (width 0.12))
    (pad 1 smd circle (at 0 0) (size 1 1) (layers F.Cu F.Mask)
      (net 33 3.3V_IOVDD))
  )

  (module Capacitor_SMD:C_0603_1608Metric_Pad1.05x0.95mm_HandSolder (layer F.Cu) (tedit 5FCFBE12) (tstamp 5FD26DAB)
    (at 120.2944 111.8362 270)
    (descr "Capacitor SMD 0603 (1608 Metric), square (rectangular) end terminal, IPC_7351 nominal with elongated pad for handsoldering. (Body size source: http://www.tortai-tech.com/upload/download/2011102023233369053.pdf), generated with kicad-footprint-generator")
    (tags "capacitor handsolder")
    (path /5FD1B763)
    (attr smd)
    (fp_text reference C22 (at 2.1336 0.2032 180) (layer F.SilkS)
      (effects (font (size 0.5 0.5) (thickness 0.125)))
    )
    (fp_text value 470nF (at 0 1.43 270) (layer F.Fab)
      (effects (font (size 1 1) (thickness 0.15)))
    )
    (fp_line (start -0.8 0.4) (end -0.8 -0.4) (layer F.Fab) (width 0.1))
    (fp_line (start -0.8 -0.4) (end 0.8 -0.4) (layer F.Fab) (width 0.1))
    (fp_line (start 0.8 -0.4) (end 0.8 0.4) (layer F.Fab) (width 0.1))
    (fp_line (start 0.8 0.4) (end -0.8 0.4) (layer F.Fab) (width 0.1))
    (fp_line (start -0.171267 -0.51) (end 0.171267 -0.51) (layer F.SilkS) (width 0.12))
    (fp_line (start -0.171267 0.51) (end 0.171267 0.51) (layer F.SilkS) (width 0.12))
    (fp_line (start -1.65 0.73) (end -1.65 -0.73) (layer F.CrtYd) (width 0.05))
    (fp_line (start -1.65 -0.73) (end 1.65 -0.73) (layer F.CrtYd) (width 0.05))
    (fp_line (start 1.65 -0.73) (end 1.65 0.73) (layer F.CrtYd) (width 0.05))
    (fp_line (start 1.65 0.73) (end -1.65 0.73) (layer F.CrtYd) (width 0.05))
    (fp_text user %R (at 0 0 270) (layer F.Fab)
      (effects (font (size 0.4 0.4) (thickness 0.06)))
    )
    (pad 1 smd roundrect (at -0.875 0 270) (size 1.05 0.95) (layers F.Cu F.Paste F.Mask) (roundrect_rratio 0.25)
      (net 37 "Net-(C22-Pad1)"))
    (pad 2 smd roundrect (at 0.875 0 270) (size 1.05 0.95) (layers F.Cu F.Paste F.Mask) (roundrect_rratio 0.25)
      (net 28 GNDA))
    (model ${KISYS3DMOD}/Capacitor_SMD.3dshapes/C_0603_1608Metric.wrl
      (at (xyz 0 0 0))
      (scale (xyz 1 1 1))
      (rotate (xyz 0 0 0))
    )
  )

  (module TestPoint:TestPoint_Pad_D1.0mm (layer F.Cu) (tedit 5FD61A21) (tstamp 5FD6576D)
    (at 114.0206 86.868)
    (descr "SMD pad as test Point, diameter 1.0mm")
    (tags "test point SMD pad")
    (path /5FD82529)
    (attr virtual)
    (fp_text reference TP7 (at 0 -1.448) (layer F.SilkS)
      (effects (font (size 0.5 0.5) (thickness 0.125)))
    )
    (fp_text value TestPoint (at 0 1.55) (layer F.Fab)
      (effects (font (size 1 1) (thickness 0.15)))
    )
    (fp_text user %R (at 0 -1.45) (layer F.Fab)
      (effects (font (size 1 1) (thickness 0.15)))
    )
    (fp_circle (center 0 0) (end 1 0) (layer F.CrtYd) (width 0.05))
    (fp_circle (center 0 0) (end 0 0.7) (layer F.SilkS) (width 0.12))
    (pad 1 smd circle (at 0 0) (size 1 1) (layers F.Cu F.Mask)
      (net 31 GNDD))
  )

  (module TestPoint:TestPoint_Pad_D1.0mm (layer F.Cu) (tedit 5FD619C6) (tstamp 5FD6338F)
    (at 138.3792 106.6038)
    (descr "SMD pad as test Point, diameter 1.0mm")
    (tags "test point SMD pad")
    (path /5FD68E56)
    (attr virtual)
    (fp_text reference TP3 (at -2.0574 -0.0762) (layer F.SilkS)
      (effects (font (size 0.5 0.5) (thickness 0.125)))
    )
    (fp_text value TestPoint (at 0 1.55) (layer F.Fab)
      (effects (font (size 1 1) (thickness 0.15)))
    )
    (fp_text user %R (at 0 -1.45) (layer F.Fab)
      (effects (font (size 1 1) (thickness 0.15)))
    )
    (fp_circle (center 0 0) (end 1 0) (layer F.CrtYd) (width 0.05))
    (fp_circle (center 0 0) (end 0 0.7) (layer F.SilkS) (width 0.12))
    (pad 1 smd circle (at 0 0) (size 1 1) (layers F.Cu F.Mask)
      (net 34 1.8V_DVDD))
  )

  (module Capacitor_SMD:C_0603_1608Metric_Pad1.05x0.95mm_HandSolder (layer F.Cu) (tedit 5B301BBE) (tstamp 5FD21FA3)
    (at 98.3856 102.87 180)
    (descr "Capacitor SMD 0603 (1608 Metric), square (rectangular) end terminal, IPC_7351 nominal with elongated pad for handsoldering. (Body size source: http://www.tortai-tech.com/upload/download/2011102023233369053.pdf), generated with kicad-footprint-generator")
    (tags "capacitor handsolder")
    (path /5FD400DB)
    (attr smd)
    (fp_text reference C25 (at 3.2652 -0.0254 180) (layer F.SilkS)
      (effects (font (size 0.5 0.5) (thickness 0.125)))
    )
    (fp_text value 28pF (at 0 1.43 180) (layer F.Fab)
      (effects (font (size 1 1) (thickness 0.15)))
    )
    (fp_text user %R (at 0 0 180) (layer F.Fab)
      (effects (font (size 0.4 0.4) (thickness 0.06)))
    )
    (fp_line (start 1.65 0.73) (end -1.65 0.73) (layer F.CrtYd) (width 0.05))
    (fp_line (start 1.65 -0.73) (end 1.65 0.73) (layer F.CrtYd) (width 0.05))
    (fp_line (start -1.65 -0.73) (end 1.65 -0.73) (layer F.CrtYd) (width 0.05))
    (fp_line (start -1.65 0.73) (end -1.65 -0.73) (layer F.CrtYd) (width 0.05))
    (fp_line (start -0.171267 0.51) (end 0.171267 0.51) (layer F.SilkS) (width 0.12))
    (fp_line (start -0.171267 -0.51) (end 0.171267 -0.51) (layer F.SilkS) (width 0.12))
    (fp_line (start 0.8 0.4) (end -0.8 0.4) (layer F.Fab) (width 0.1))
    (fp_line (start 0.8 -0.4) (end 0.8 0.4) (layer F.Fab) (width 0.1))
    (fp_line (start -0.8 -0.4) (end 0.8 -0.4) (layer F.Fab) (width 0.1))
    (fp_line (start -0.8 0.4) (end -0.8 -0.4) (layer F.Fab) (width 0.1))
    (pad 2 smd roundrect (at 0.875 0 180) (size 1.05 0.95) (layers F.Cu F.Paste F.Mask) (roundrect_rratio 0.25)
      (net 53 "Net-(C25-Pad2)"))
    (pad 1 smd roundrect (at -0.875 0 180) (size 1.05 0.95) (layers F.Cu F.Paste F.Mask) (roundrect_rratio 0.25)
      (net 31 GNDD))
    (model ${KISYS3DMOD}/Capacitor_SMD.3dshapes/C_0603_1608Metric.wrl
      (at (xyz 0 0 0))
      (scale (xyz 1 1 1))
      (rotate (xyz 0 0 0))
    )
  )

  (module TestPoint:TestPoint_Pad_D2.0mm (layer F.Cu) (tedit 5A0F774F) (tstamp 5FD4C534)
    (at 97.4852 147.8026)
    (descr "SMD pad as test Point, diameter 2.0mm")
    (tags "test point SMD pad")
    (path /5FDA791F)
    (attr virtual)
    (fp_text reference TP5 (at 0 -1.998) (layer F.SilkS)
      (effects (font (size 0.5 0.5) (thickness 0.125)))
    )
    (fp_text value TestPoint (at 0 2.05) (layer F.Fab)
      (effects (font (size 1 1) (thickness 0.15)))
    )
    (fp_text user %R (at 0 -2) (layer F.Fab)
      (effects (font (size 1 1) (thickness 0.15)))
    )
    (fp_circle (center 0 0) (end 1.5 0) (layer F.CrtYd) (width 0.05))
    (fp_circle (center 0 0) (end 0 1.2) (layer F.SilkS) (width 0.12))
    (pad 1 smd circle (at 0 0) (size 2 2) (layers F.Cu F.Mask)
      (net 30 3.3V))
  )

  (module Inductor_SMD:L_0805_2012Metric_Pad1.15x1.40mm_HandSolder (layer F.Cu) (tedit 5FD38724) (tstamp 5FD39841)
    (at 140.1064 95.0976 270)
    (descr "Capacitor SMD 0805 (2012 Metric), square (rectangular) end terminal, IPC_7351 nominal with elongated pad for handsoldering. (Body size source: https://docs.google.com/spreadsheets/d/1BsfQQcO9C6DZCsRaXUlFlo91Tg2WpOkGARC1WS5S8t0/edit?usp=sharing), generated with kicad-footprint-generator")
    (tags "inductor handsolder")
    (path /5FDEEB10)
    (attr smd)
    (fp_text reference FB2 (at 0.1016 -1.524) (layer F.SilkS)
      (effects (font (size 0.5 0.5) (thickness 0.125)))
    )
    (fp_text value Ferrite_Bead_Small (at 0 1.65 270) (layer F.Fab)
      (effects (font (size 1 1) (thickness 0.15)))
    )
    (fp_line (start -1 0.6) (end -1 -0.6) (layer F.Fab) (width 0.1))
    (fp_line (start -1 -0.6) (end 1 -0.6) (layer F.Fab) (width 0.1))
    (fp_line (start 1 -0.6) (end 1 0.6) (layer F.Fab) (width 0.1))
    (fp_line (start 1 0.6) (end -1 0.6) (layer F.Fab) (width 0.1))
    (fp_line (start -0.261252 -0.71) (end 0.261252 -0.71) (layer F.SilkS) (width 0.12))
    (fp_line (start -0.261252 0.71) (end 0.261252 0.71) (layer F.SilkS) (width 0.12))
    (fp_line (start -1.85 0.95) (end -1.85 -0.95) (layer F.CrtYd) (width 0.05))
    (fp_line (start -1.85 -0.95) (end 1.85 -0.95) (layer F.CrtYd) (width 0.05))
    (fp_line (start 1.85 -0.95) (end 1.85 0.95) (layer F.CrtYd) (width 0.05))
    (fp_line (start 1.85 0.95) (end -1.85 0.95) (layer F.CrtYd) (width 0.05))
    (fp_text user %R (at 0 0 270) (layer F.Fab)
      (effects (font (size 0.5 0.5) (thickness 0.08)))
    )
    (pad 1 smd roundrect (at -1.025 0 270) (size 1.15 1.4) (layers F.Cu F.Paste F.Mask) (roundrect_rratio 0.217391)
      (net 87 "Net-(C4-Pad1)"))
    (pad 2 smd roundrect (at 1.025 0 270) (size 1.15 1.4) (layers F.Cu F.Paste F.Mask) (roundrect_rratio 0.217391)
      (net 27 9V))
    (model ${KISYS3DMOD}/Inductor_SMD.3dshapes/L_0805_2012Metric.wrl
      (at (xyz 0 0 0))
      (scale (xyz 1 1 1))
      (rotate (xyz 0 0 0))
    )
  )

  (module Resistor_SMD:R_0603_1608Metric_Pad1.05x0.95mm_HandSolder (layer F.Cu) (tedit 5B301BBD) (tstamp 5FD504AF)
    (at 99.3534 100.1014 180)
    (descr "Resistor SMD 0603 (1608 Metric), square (rectangular) end terminal, IPC_7351 nominal with elongated pad for handsoldering. (Body size source: http://www.tortai-tech.com/upload/download/2011102023233369053.pdf), generated with kicad-footprint-generator")
    (tags "resistor handsolder")
    (path /5FD294FD)
    (attr smd)
    (fp_text reference R15 (at 2.5146 -0.4318 180) (layer F.SilkS)
      (effects (font (size 0.5 0.5) (thickness 0.125)))
    )
    (fp_text value 100kOhm (at 0 1.43 180) (layer F.Fab)
      (effects (font (size 1 1) (thickness 0.15)))
    )
    (fp_line (start -0.8 0.4) (end -0.8 -0.4) (layer F.Fab) (width 0.1))
    (fp_line (start -0.8 -0.4) (end 0.8 -0.4) (layer F.Fab) (width 0.1))
    (fp_line (start 0.8 -0.4) (end 0.8 0.4) (layer F.Fab) (width 0.1))
    (fp_line (start 0.8 0.4) (end -0.8 0.4) (layer F.Fab) (width 0.1))
    (fp_line (start -0.171267 -0.51) (end 0.171267 -0.51) (layer F.SilkS) (width 0.12))
    (fp_line (start -0.171267 0.51) (end 0.171267 0.51) (layer F.SilkS) (width 0.12))
    (fp_line (start -1.65 0.73) (end -1.65 -0.73) (layer F.CrtYd) (width 0.05))
    (fp_line (start -1.65 -0.73) (end 1.65 -0.73) (layer F.CrtYd) (width 0.05))
    (fp_line (start 1.65 -0.73) (end 1.65 0.73) (layer F.CrtYd) (width 0.05))
    (fp_line (start 1.65 0.73) (end -1.65 0.73) (layer F.CrtYd) (width 0.05))
    (fp_text user %R (at 0 0 180) (layer F.Fab)
      (effects (font (size 0.4 0.4) (thickness 0.06)))
    )
    (pad 1 smd roundrect (at -0.875 0 180) (size 1.05 0.95) (layers F.Cu F.Paste F.Mask) (roundrect_rratio 0.25)
      (net 82 RESET_CODEC))
    (pad 2 smd roundrect (at 0.875 0 180) (size 1.05 0.95) (layers F.Cu F.Paste F.Mask) (roundrect_rratio 0.25)
      (net 33 3.3V_IOVDD))
    (model ${KISYS3DMOD}/Resistor_SMD.3dshapes/R_0603_1608Metric.wrl
      (at (xyz 0 0 0))
      (scale (xyz 1 1 1))
      (rotate (xyz 0 0 0))
    )
  )

  (module Resistor_SMD:R_0603_1608Metric_Pad1.05x0.95mm_HandSolder (layer F.Cu) (tedit 5FCFBE28) (tstamp 5FD26CEB)
    (at 120.7008 102.2604 90)
    (descr "Resistor SMD 0603 (1608 Metric), square (rectangular) end terminal, IPC_7351 nominal with elongated pad for handsoldering. (Body size source: http://www.tortai-tech.com/upload/download/2011102023233369053.pdf), generated with kicad-footprint-generator")
    (tags "resistor handsolder")
    (path /5FCD5F47)
    (attr smd)
    (fp_text reference R4 (at 1.1176 -1.3716 180) (layer F.SilkS)
      (effects (font (size 0.5 0.5) (thickness 0.125)))
    )
    (fp_text value 10kOhm (at 0 1.43 90) (layer F.Fab)
      (effects (font (size 1 1) (thickness 0.15)))
    )
    (fp_text user %R (at 0 0 90) (layer F.Fab)
      (effects (font (size 0.4 0.4) (thickness 0.06)))
    )
    (fp_line (start 1.65 0.73) (end -1.65 0.73) (layer F.CrtYd) (width 0.05))
    (fp_line (start 1.65 -0.73) (end 1.65 0.73) (layer F.CrtYd) (width 0.05))
    (fp_line (start -1.65 -0.73) (end 1.65 -0.73) (layer F.CrtYd) (width 0.05))
    (fp_line (start -1.65 0.73) (end -1.65 -0.73) (layer F.CrtYd) (width 0.05))
    (fp_line (start -0.171267 0.51) (end 0.171267 0.51) (layer F.SilkS) (width 0.12))
    (fp_line (start -0.171267 -0.51) (end 0.171267 -0.51) (layer F.SilkS) (width 0.12))
    (fp_line (start 0.8 0.4) (end -0.8 0.4) (layer F.Fab) (width 0.1))
    (fp_line (start 0.8 -0.4) (end 0.8 0.4) (layer F.Fab) (width 0.1))
    (fp_line (start -0.8 -0.4) (end 0.8 -0.4) (layer F.Fab) (width 0.1))
    (fp_line (start -0.8 0.4) (end -0.8 -0.4) (layer F.Fab) (width 0.1))
    (pad 2 smd roundrect (at 0.875 0 90) (size 1.05 0.95) (layers F.Cu F.Paste F.Mask) (roundrect_rratio 0.25)
      (net 33 3.3V_IOVDD))
    (pad 1 smd roundrect (at -0.875 0 90) (size 1.05 0.95) (layers F.Cu F.Paste F.Mask) (roundrect_rratio 0.25)
      (net 43 SCL))
    (model ${KISYS3DMOD}/Resistor_SMD.3dshapes/R_0603_1608Metric.wrl
      (at (xyz 0 0 0))
      (scale (xyz 1 1 1))
      (rotate (xyz 0 0 0))
    )
  )

  (module Resistor_SMD:R_0603_1608Metric_Pad1.05x0.95mm_HandSolder (layer F.Cu) (tedit 5FCFBE1D) (tstamp 5FD26D7B)
    (at 119.2276 104.8512)
    (descr "Resistor SMD 0603 (1608 Metric), square (rectangular) end terminal, IPC_7351 nominal with elongated pad for handsoldering. (Body size source: http://www.tortai-tech.com/upload/download/2011102023233369053.pdf), generated with kicad-footprint-generator")
    (tags "resistor handsolder")
    (path /5FCE281E)
    (attr smd)
    (fp_text reference R5 (at -2.1222 0.1524 -270) (layer F.SilkS)
      (effects (font (size 0.5 0.5) (thickness 0.125)))
    )
    (fp_text value 10kOhm (at 0 1.43) (layer F.Fab)
      (effects (font (size 1 1) (thickness 0.15)))
    )
    (fp_line (start -0.8 0.4) (end -0.8 -0.4) (layer F.Fab) (width 0.1))
    (fp_line (start -0.8 -0.4) (end 0.8 -0.4) (layer F.Fab) (width 0.1))
    (fp_line (start 0.8 -0.4) (end 0.8 0.4) (layer F.Fab) (width 0.1))
    (fp_line (start 0.8 0.4) (end -0.8 0.4) (layer F.Fab) (width 0.1))
    (fp_line (start -0.171267 -0.51) (end 0.171267 -0.51) (layer F.SilkS) (width 0.12))
    (fp_line (start -0.171267 0.51) (end 0.171267 0.51) (layer F.SilkS) (width 0.12))
    (fp_line (start -1.65 0.73) (end -1.65 -0.73) (layer F.CrtYd) (width 0.05))
    (fp_line (start -1.65 -0.73) (end 1.65 -0.73) (layer F.CrtYd) (width 0.05))
    (fp_line (start 1.65 -0.73) (end 1.65 0.73) (layer F.CrtYd) (width 0.05))
    (fp_line (start 1.65 0.73) (end -1.65 0.73) (layer F.CrtYd) (width 0.05))
    (fp_text user %R (at 0 0) (layer F.Fab)
      (effects (font (size 0.4 0.4) (thickness 0.06)))
    )
    (pad 1 smd roundrect (at -0.875 0) (size 1.05 0.95) (layers F.Cu F.Paste F.Mask) (roundrect_rratio 0.25)
      (net 33 3.3V_IOVDD))
    (pad 2 smd roundrect (at 0.875 0) (size 1.05 0.95) (layers F.Cu F.Paste F.Mask) (roundrect_rratio 0.25)
      (net 42 SDA))
    (model ${KISYS3DMOD}/Resistor_SMD.3dshapes/R_0603_1608Metric.wrl
      (at (xyz 0 0 0))
      (scale (xyz 1 1 1))
      (rotate (xyz 0 0 0))
    )
  )

  (module Capacitor_SMD:C_0603_1608Metric_Pad1.05x0.95mm_HandSolder (layer B.Cu) (tedit 5B301BBE) (tstamp 5FD06AA1)
    (at 139.3952 88.1888)
    (descr "Capacitor SMD 0603 (1608 Metric), square (rectangular) end terminal, IPC_7351 nominal with elongated pad for handsoldering. (Body size source: http://www.tortai-tech.com/upload/download/2011102023233369053.pdf), generated with kicad-footprint-generator")
    (tags "capacitor handsolder")
    (path /5FF6984E)
    (attr smd)
    (fp_text reference C38 (at 3.2766 0.1016) (layer B.SilkS)
      (effects (font (size 0.5 0.5) (thickness 0.125)) (justify mirror))
    )
    (fp_text value 100nF (at 0 -1.43) (layer B.Fab)
      (effects (font (size 1 1) (thickness 0.15)) (justify mirror))
    )
    (fp_line (start -0.8 -0.4) (end -0.8 0.4) (layer B.Fab) (width 0.1))
    (fp_line (start -0.8 0.4) (end 0.8 0.4) (layer B.Fab) (width 0.1))
    (fp_line (start 0.8 0.4) (end 0.8 -0.4) (layer B.Fab) (width 0.1))
    (fp_line (start 0.8 -0.4) (end -0.8 -0.4) (layer B.Fab) (width 0.1))
    (fp_line (start -0.171267 0.51) (end 0.171267 0.51) (layer B.SilkS) (width 0.12))
    (fp_line (start -0.171267 -0.51) (end 0.171267 -0.51) (layer B.SilkS) (width 0.12))
    (fp_line (start -1.65 -0.73) (end -1.65 0.73) (layer B.CrtYd) (width 0.05))
    (fp_line (start -1.65 0.73) (end 1.65 0.73) (layer B.CrtYd) (width 0.05))
    (fp_line (start 1.65 0.73) (end 1.65 -0.73) (layer B.CrtYd) (width 0.05))
    (fp_line (start 1.65 -0.73) (end -1.65 -0.73) (layer B.CrtYd) (width 0.05))
    (fp_text user %R (at 0 0) (layer B.Fab)
      (effects (font (size 0.4 0.4) (thickness 0.06)) (justify mirror))
    )
    (pad 1 smd roundrect (at -0.875 0) (size 1.05 0.95) (layers B.Cu B.Paste B.Mask) (roundrect_rratio 0.25)
      (net 31 GNDD))
    (pad 2 smd roundrect (at 0.875 0) (size 1.05 0.95) (layers B.Cu B.Paste B.Mask) (roundrect_rratio 0.25)
      (net 33 3.3V_IOVDD))
    (model ${KISYS3DMOD}/Capacitor_SMD.3dshapes/C_0603_1608Metric.wrl
      (at (xyz 0 0 0))
      (scale (xyz 1 1 1))
      (rotate (xyz 0 0 0))
    )
  )

  (module Capacitor_SMD:C_0603_1608Metric_Pad1.05x0.95mm_HandSolder (layer F.Cu) (tedit 5B301BBE) (tstamp 5FD04001)
    (at 136.7536 124.3838 180)
    (descr "Capacitor SMD 0603 (1608 Metric), square (rectangular) end terminal, IPC_7351 nominal with elongated pad for handsoldering. (Body size source: http://www.tortai-tech.com/upload/download/2011102023233369053.pdf), generated with kicad-footprint-generator")
    (tags "capacitor handsolder")
    (path /5FD7357C)
    (attr smd)
    (fp_text reference C40 (at 3.5052 0.0508 180) (layer F.SilkS)
      (effects (font (size 0.5 0.5) (thickness 0.125)))
    )
    (fp_text value 100nF (at 0 1.43 180) (layer F.Fab)
      (effects (font (size 1 1) (thickness 0.15)))
    )
    (fp_text user %R (at 0 0 180) (layer F.Fab)
      (effects (font (size 0.4 0.4) (thickness 0.06)))
    )
    (fp_line (start 1.65 0.73) (end -1.65 0.73) (layer F.CrtYd) (width 0.05))
    (fp_line (start 1.65 -0.73) (end 1.65 0.73) (layer F.CrtYd) (width 0.05))
    (fp_line (start -1.65 -0.73) (end 1.65 -0.73) (layer F.CrtYd) (width 0.05))
    (fp_line (start -1.65 0.73) (end -1.65 -0.73) (layer F.CrtYd) (width 0.05))
    (fp_line (start -0.171267 0.51) (end 0.171267 0.51) (layer F.SilkS) (width 0.12))
    (fp_line (start -0.171267 -0.51) (end 0.171267 -0.51) (layer F.SilkS) (width 0.12))
    (fp_line (start 0.8 0.4) (end -0.8 0.4) (layer F.Fab) (width 0.1))
    (fp_line (start 0.8 -0.4) (end 0.8 0.4) (layer F.Fab) (width 0.1))
    (fp_line (start -0.8 -0.4) (end 0.8 -0.4) (layer F.Fab) (width 0.1))
    (fp_line (start -0.8 0.4) (end -0.8 -0.4) (layer F.Fab) (width 0.1))
    (pad 2 smd roundrect (at 0.875 0 180) (size 1.05 0.95) (layers F.Cu F.Paste F.Mask) (roundrect_rratio 0.25)
      (net 28 GNDA))
    (pad 1 smd roundrect (at -0.875 0 180) (size 1.05 0.95) (layers F.Cu F.Paste F.Mask) (roundrect_rratio 0.25)
      (net 30 3.3V))
    (model ${KISYS3DMOD}/Capacitor_SMD.3dshapes/C_0603_1608Metric.wrl
      (at (xyz 0 0 0))
      (scale (xyz 1 1 1))
      (rotate (xyz 0 0 0))
    )
  )

  (module Capacitor_SMD:C_0603_1608Metric_Pad1.05x0.95mm_HandSolder (layer F.Cu) (tedit 5B301BBE) (tstamp 5FD03FE1)
    (at 136.7028 122.6058)
    (descr "Capacitor SMD 0603 (1608 Metric), square (rectangular) end terminal, IPC_7351 nominal with elongated pad for handsoldering. (Body size source: http://www.tortai-tech.com/upload/download/2011102023233369053.pdf), generated with kicad-footprint-generator")
    (tags "capacitor handsolder")
    (path /5FCEE85B)
    (attr smd)
    (fp_text reference C39 (at -3.175 -0.1778) (layer F.SilkS)
      (effects (font (size 0.5 0.5) (thickness 0.125)))
    )
    (fp_text value 1uF (at 0 1.43) (layer F.Fab)
      (effects (font (size 1 1) (thickness 0.15)))
    )
    (fp_line (start -0.8 0.4) (end -0.8 -0.4) (layer F.Fab) (width 0.1))
    (fp_line (start -0.8 -0.4) (end 0.8 -0.4) (layer F.Fab) (width 0.1))
    (fp_line (start 0.8 -0.4) (end 0.8 0.4) (layer F.Fab) (width 0.1))
    (fp_line (start 0.8 0.4) (end -0.8 0.4) (layer F.Fab) (width 0.1))
    (fp_line (start -0.171267 -0.51) (end 0.171267 -0.51) (layer F.SilkS) (width 0.12))
    (fp_line (start -0.171267 0.51) (end 0.171267 0.51) (layer F.SilkS) (width 0.12))
    (fp_line (start -1.65 0.73) (end -1.65 -0.73) (layer F.CrtYd) (width 0.05))
    (fp_line (start -1.65 -0.73) (end 1.65 -0.73) (layer F.CrtYd) (width 0.05))
    (fp_line (start 1.65 -0.73) (end 1.65 0.73) (layer F.CrtYd) (width 0.05))
    (fp_line (start 1.65 0.73) (end -1.65 0.73) (layer F.CrtYd) (width 0.05))
    (fp_text user %R (at 0 0) (layer F.Fab)
      (effects (font (size 0.4 0.4) (thickness 0.06)))
    )
    (pad 1 smd roundrect (at -0.875 0) (size 1.05 0.95) (layers F.Cu F.Paste F.Mask) (roundrect_rratio 0.25)
      (net 28 GNDA))
    (pad 2 smd roundrect (at 0.875 0) (size 1.05 0.95) (layers F.Cu F.Paste F.Mask) (roundrect_rratio 0.25)
      (net 30 3.3V))
    (model ${KISYS3DMOD}/Capacitor_SMD.3dshapes/C_0603_1608Metric.wrl
      (at (xyz 0 0 0))
      (scale (xyz 1 1 1))
      (rotate (xyz 0 0 0))
    )
  )

  (module Capacitor_SMD:C_0603_1608Metric_Pad1.05x0.95mm_HandSolder (layer F.Cu) (tedit 5FCFC417) (tstamp 5FD26DDB)
    (at 123.8123 112.0902 180)
    (descr "Capacitor SMD 0603 (1608 Metric), square (rectangular) end terminal, IPC_7351 nominal with elongated pad for handsoldering. (Body size source: http://www.tortai-tech.com/upload/download/2011102023233369053.pdf), generated with kicad-footprint-generator")
    (tags "capacitor handsolder")
    (path /5FC8BB72)
    (attr smd)
    (fp_text reference C18 (at 2.1209 -0.3556 270) (layer F.SilkS)
      (effects (font (size 0.5 0.5) (thickness 0.125)))
    )
    (fp_text value 100nF (at 0 1.43 180) (layer F.Fab)
      (effects (font (size 1 1) (thickness 0.15)))
    )
    (fp_line (start -0.8 0.4) (end -0.8 -0.4) (layer F.Fab) (width 0.1))
    (fp_line (start -0.8 -0.4) (end 0.8 -0.4) (layer F.Fab) (width 0.1))
    (fp_line (start 0.8 -0.4) (end 0.8 0.4) (layer F.Fab) (width 0.1))
    (fp_line (start 0.8 0.4) (end -0.8 0.4) (layer F.Fab) (width 0.1))
    (fp_line (start -0.171267 -0.51) (end 0.171267 -0.51) (layer F.SilkS) (width 0.12))
    (fp_line (start -0.171267 0.51) (end 0.171267 0.51) (layer F.SilkS) (width 0.12))
    (fp_line (start -1.65 0.73) (end -1.65 -0.73) (layer F.CrtYd) (width 0.05))
    (fp_line (start -1.65 -0.73) (end 1.65 -0.73) (layer F.CrtYd) (width 0.05))
    (fp_line (start 1.65 -0.73) (end 1.65 0.73) (layer F.CrtYd) (width 0.05))
    (fp_line (start 1.65 0.73) (end -1.65 0.73) (layer F.CrtYd) (width 0.05))
    (fp_text user %R (at 0 0 180) (layer F.Fab)
      (effects (font (size 0.4 0.4) (thickness 0.06)))
    )
    (pad 1 smd roundrect (at -0.875 0 180) (size 1.05 0.95) (layers F.Cu F.Paste F.Mask) (roundrect_rratio 0.25)
      (net 30 3.3V))
    (pad 2 smd roundrect (at 0.875 0 180) (size 1.05 0.95) (layers F.Cu F.Paste F.Mask) (roundrect_rratio 0.25)
      (net 28 GNDA))
    (model ${KISYS3DMOD}/Capacitor_SMD.3dshapes/C_0603_1608Metric.wrl
      (at (xyz 0 0 0))
      (scale (xyz 1 1 1))
      (rotate (xyz 0 0 0))
    )
  )

  (module Capacitor_SMD:C_0603_1608Metric_Pad1.05x0.95mm_HandSolder (layer F.Cu) (tedit 5FCFBE05) (tstamp 5FD26D4B)
    (at 120.2944 109.211234 180)
    (descr "Capacitor SMD 0603 (1608 Metric), square (rectangular) end terminal, IPC_7351 nominal with elongated pad for handsoldering. (Body size source: http://www.tortai-tech.com/upload/download/2011102023233369053.pdf), generated with kicad-footprint-generator")
    (tags "capacitor handsolder")
    (path /5FD1B580)
    (attr smd)
    (fp_text reference C23 (at 1.651 -1.202566) (layer F.SilkS)
